200
4440
0 1 340
0 9 175
0 16 208
0 26 59
0 33 315
0 35 119
0 41 150
0 50 235
0 59 189
0 68 202
0 71 286
0 76 83
0 81 190
0 84 293
0 85 81
0 102 97
0 108 200
0 111 353
0 123 304
0 139 162
0 168 372
0 169 268
0 186 417
0 189 177
0 193 75
0 194 319
0 198 223
1 5 517
1 10 400
1 21 166
1 22 420
1 26 300
1 35 273
1 36 227
1 43 355
1 48 321
1 67 458
1 79 87
1 89 219
1 90 17
1 91 94
1 115 220
1 117 263
1 124 238
1 137 83
1 147 267
1 160 342
1 165 494
1 166 462
1 169 478
1 176 123
1 179 217
1 181 509
1 193 413
1 194 233
1 195 526
2 7 133
2 9 373
2 11 295
2 30 378
2 39 230
2 40 331
2 45 198
2 50 232
2 53 115
2 56 219
2 72 290
2 78 82
2 90 162
2 100 252
2 103 111
2 110 182
2 115 296
2 121 238
2 126 340
2 127 108
2 128 290
2 135 82
2 138 67
2 143 255
2 144 183
2 147 160
2 149 68
2 151 260
2 158 381
2 162 284
2 166 403
2 187 328
2 188 390
3 11 234
3 12 472
3 13 96
3 15 257
3 16 62
3 21 110
3 22 170
3 27 296
3 28 467
3 33 389
3 51 260
3 58 316
3 68 161
3 72 277
3 79 194
3 81 108
3 90 257
3 92 402
3 99 243
3 106 421
3 127 180
3 130 261
3 134 421
3 146 36
3 152 320
3 157 364
3 158 486
3 161 285
3 162 379
3 163 186
3 173 368
3 177 181
3 186 465
3 195 519
3 198 432
4 5 311
4 7 223
4 11 212
4 12 254
4 17 295
4 19 418
4 27 201
4 36 103
4 60 203
4 67 232
4 71 270
4 76 79
4 81 173
4 89 249
4 90 307
4 92 193
4 97 202
4 133 316
4 139 148
4 155 104
4 159 267
4 167 193
4 175 301
4 178 348
4 189 190
5 6 148
5 18 440
5 30 387
5 37 307
5 61 108
5 63 289
5 70 299
5 72 334
5 74 398
5 89 546
5 91 426
5 97 495
5 100 259
5 103 520
5 105 251
5 106 113
5 113 276
5 116 92
5 119 54
5 122 481
5 125 282
5 133 269
5 134 115
5 167 321
5 180 408
5 199 309
6 17 442
6 23 118
6 32 164
6 35 172
6 41 277
6 43 449
6 59 231
6 61 87
6 77 298
6 88 156
6 91 287
6 95 389
6 97 460
6 100 125
6 104 183
6 106 80
6 111 496
6 121 215
6 124 249
6 135 340
6 138 363
6 139 364
6 140 393
6 142 362
6 143 214
6 158 314
6 160 181
6 162 129
6 164 212
6 167 188
6 177 320
6 179 314
6 196 136
6 198 81
7 17 157
7 23 232
7 28 314
7 33 158
7 57 204
7 62 85
7 66 290
7 69 257
7 70 240
7 77 219
7 97 347
7 98 176
7 99 67
7 101 131
7 103 243
7 116 393
7 126 352
7 135 177
7 139 172
7 141 256
7 158 248
7 162 178
7 178 189
7 183 252
7 195 428
8 17 409
8 20 405
8 21 347
8 30 610
8 31 74
8 36 270
8 38 245
8 40 579
8 41 315
8 57 244
8 62 335
8 88 328
8 95 183
8 100 415
8 104 461
8 108 406
8 111 427
8 115 521
8 128 411
8 135 239
8 136 83
8 144 493
8 146 283
8 147 276
8 152 425
8 159 475
8 162 468
8 163 375
8 174 383
8 176 494
8 185 199
8 189 35
9 28 218
9 36 286
9 67 104
9 68 357
9 70 359
9 78 299
9 87 77
9 112 364
9 118 378
9 120 334
9 127 467
9 128 211
9 135 304
9 147 217
9 152 293
9 162 296
9 163 373
9 173 268
9 183 283
9 185 309
9 192 338
9 194 366
9 197 485
10 13 267
10 28 247
10 37 81
10 41 214
10 53 380
10 59 236
10 65 145
10 67 168
10 73 217
10 77 128
10 92 150
10 98 375
10 103 293
10 107 199
10 113 72
10 116 164
10 117 181
10 124 164
10 126 60
10 134 131
10 148 93
10 150 288
10 151 131
10 155 185
10 163 291
10 164 228
10 175 391
10 184 246
10 195 229
11 28 471
11 29 189
11 39 345
11 50 426
11 51 394
11 52 122
11 58 442
11 60 201
11 68 328
11 69 612
11 78 285
11 89 299
11 102 254
11 111 408
11 113 240
11 114 262
11 116 380
11 119 429
11 167 398
11 183 145
11 187 355
11 192 425
12 18 377
12 19 432
12 20 406
12 21 475
12 27 309
12 29 220
12 35 225
12 49 83
12 60 457
12 71 507
12 74 341
12 77 297
12 88 90
12 93 323
12 108 168
12 122 433
12 127 504
12 128 186
12 131 298
12 150 426
12 157 361
12 167 296
12 170 343
12 175 518
12 196 283
13 17 123
13 21 64
13 24 354
13 27 201
13 31 262
13 50 235
13 57 62
13 60 113
13 63 296
13 64 140
13 65 203
13 69 397
13 75 113
13 79 129
13 83 115
13 84 404
13 94 360
13 99 158
13 115 302
13 135 66
13 155 113
13 163 92
13 164 169
13 167 205
13 168 358
13 170 241
13 179 368
13 181 420
14 16 70
14 41 237
14 47 332
14 52 192
14 59 306
14 64 195
14 69 563
14 70 506
14 76 273
14 78 220
14 88 344
14 89 198
14 90 369
14 94 519
14 107 259
14 128 384
14 139 154
14 145 400
14 150 224
14 162 421
14 164 315
14 180 283
14 186 544
14 187 363
14 188 475
14 194 466
15 21 152
15 22 395
15 39 246
15 47 176
15 51 105
15 60 280
15 64 246
15 70 276
15 87 363
15 88 385
15 89 207
15 93 134
15 95 282
15 97 386
15 109 193
15 117 232
15 122 171
15 128 280
15 151 287
15 161 375
15 165 465
15 169 445
15 170 397
16 23 338
16 31 191
16 42 439
16 43 33
16 51 295
16 63 414
16 78 188
16 79 253
16 80 444
16 91 337
16 101 403
16 114 343
16 115 431
16 119 465
16 129 470
16 133 481
16 134 404
16 160 286
16 161 255
16 163 231
16 170 167
16 175 242
16 184 454
16 195 504
17 20 133
17 21 62
17 23 362
17 33 310
17 40 337
17 45 303
17 51 198
17 53 42
17 82 285
17 92 432
17 96 154
17 110 74
17 120 234
17 125 359
17 130 351
17 134 473
17 152 279
17 165 417
17 166 495
17 168 369
17 176 232
17 179 346
17 190 312
18 40 472
18 44 258
18 49 296
18 59 267
18 67 360
18 71 248
18 92 329
18 94 476
18 97 62
18 119 392
18 120 61
18 121 369
18 132 408
18 140 192
18 144 372
18 150 208
18 155 70
18 156 168
18 168 475
18 169 401
18 177 246
18 179 512
18 181 367
18 188 421
18 194 423
18 197 294
18 198 358
19 44 458
19 51 242
19 66 535
19 70 123
19 82 128
19 84 299
19 100 234
19 118 100
19 127 372
19 129 242
19 132 382
19 153 241
19 173 211
19 174 378
19 189 603
19 192 203
19 193 504
19 198 355
20 21 128
20 24 312
20 37 358
20 40 220
20 68 62
20 75 104
20 92 315
20 103 225
20 108 253
20 118 258
20 123 129
20 125 290
20 141 257
20 142 85
20 161 315
20 162 202
20 171 192
20 177 40
20 189 369
21 22 270
21 45 242
21 50 266
21 64 203
21 65 262
21 88 388
21 92 392
21 93 210
21 97 259
21 105 319
21 110 134
21 146 103
21 147 212
21 158 391
21 171 98
22 30 570
22 31 105
22 32 376
22 41 261
22 68 281
22 75 331
22 76 276
22 78 246
22 82 468
22 111 345
22 114 290
22 117 175
22 124 244
22 132 459
22 139 186
22 163 311
22 172 395
22 182 298
22 183 104
22 184 462
22 190 340
22 191 262
23 24 94
23 36 194
23 38 123
23 51 194
23 61 88
23 65 245
23 72 226
23 75 337
23 101 229
23 103 333
23 116 161
23 125 149
23 130 144
23 131 153
23 150 274
23 165 346
23 173 115
23 188 141
23 190 58
23 192 184
24 27 202
24 31 362
24 34 72
24 40 279
24 45 325
24 48 374
24 51 250
24 55 303
24 61 55
24 68 317
24 72 304
24 92 60
24 94 239
24 103 426
24 113 198
24 114 215
24 124 233
24 130 230
24 138 358
24 156 396
24 157 240
24 162 143
24 186 314
24 187 81
25 37 548
25 38 466
25 41 345
25 48 512
25 50 213
25 53 355
25 62 322
25 65 535
25 72 553
25 74 457
25 82 137
25 83 446
25 89 468
25 90 283
25 104 481
25 105 461
25 117 431
25 125 476
25 133 175
25 140 420
25 147 375
25 153 253
25 166 423
25 167 239
25 175 383
25 192 214
25 194 133
26 32 192
26 34 171
26 36 106
26 39 89
26 40 321
26 41 116
26 43 232
26 62 116
26 72 163
26 77 81
26 94 313
26 99 261
26 102 75
26 120 197
26 136 223
26 140 213
26 141 77
26 142 202
26 143 66
26 151 90
26 152 162
26 153 143
26 156 218
27 32 289
27 97 371
27 105 243
27 106 225
27 110 304
27 113 190
27 118 162
27 119 283
27 122 215
27 127 226
27 145 147
27 150 188
27 160 185
27 162 89
27 169 295
27 173 89
28 29 284
28 38 234
28 41 298
28 54 215
28 62 278
28 63 160
28 68 346
28 71 467
28 79 432
28 81 378
28 82 252
28 92 98
28 104 168
28 118 191
28 126 242
28 157 245
28 162 149
28 163 345
28 165 471
28 179 330
29 38 54
29 42 428
29 45 109
29 46 337
29 49 143
29 63 315
29 77 108
29 81 251
29 83 139
29 84 296
29 85 141
29 86 67
29 95 188
29 105 39
29 123 356
29 145 389
29 146 313
29 171 251
29 184 282
29 198 215
30 34 336
30 35 286
30 42 124
30 46 287
30 66 511
30 74 421
30 77 409
30 84 264
30 92 319
30 99 274
30 109 118
30 116 416
30 130 421
30 136 552
30 138 331
30 141 422
30 142 353
30 148 352
30 149 427
30 190 253
30 193 473
30 197 400
30 198 319
31 36 219
31 39 285
31 42 506
31 57 220
31 63 416
31 67 323
31 75 375
31 76 216
31 77 142
31 100 346
31 102 211
31 103 229
31 108 333
31 112 371
31 128 339
31 134 284
31 138 340
31 156 262
31 164 319
31 169 365
31 182 205
31 191 295
32 34 62
32 41 302
32 44 495
32 51 326
32 57 383
32 72 221
32 87 91
32 93 300
32 102 267
32 103 420
32 105 142
32 107 275
32 109 309
32 120 367
32 122 394
32 136 356
32 157 350
32 159 362
32 174 444
32 176 381
32 182 81
32 183 317
32 184 178
32 185 337
33 49 312
33 51 129
33 57 349
33 65 402
33 66 416
33 78 235
33 93 115
33 98 35
33 99 197
33 104 388
33 123 59
33 132 310
33 145 158
33 147 241
33 149 332
33 157 30
33 167 106
33 185 351
33 196 71
34 47 512
34 51 277
34 60 403
34 70 251
34 72 246
34 75 423
34 94 305
34 101 296
34 114 145
34 116 83
34 127 433
34 138 370
34 168 308
34 170 313
34 186 376
34 197 457
35 43 280
35 54 56
35 72 220
35 77 135
35 79 270
35 82 205
35 84 208
35 109 170
35 115 201
35 120 243
35 131 88
35 132 222
35 145 247
35 155 184
35 164 89
35 176 207
35 178 339
35 184 172
35 186 303
35 189 294
35 197 302
35 198 165
36 38 203
36 40 320
36 58 194
36 84 336
36 91 196
36 109 243
36 110 266
36 117 40
36 122 95
36 129 311
36 134 290
36 143 167
36 153 144
36 169 345
36 174 154
36 187 245
36 189 234
36 190 162
36 199 79
37 44 401
37 56 317
37 64 171
37 73 171
37 74 183
37 79 414
37 102 208
37 114 98
37 121 384
37 130 81
37 134 194
37 149 256
37 164 294
37 182 113
37 194 415
38 40 401
38 43 275
38 46 344
38 47 457
38 48 231
38 51 276
38 56 241
38 69 431
38 110 469
38 126 50
38 132 204
38 139 250
38 148 80
38 154 392
38 159 329
38 166 162
38 167 243
38 182 51
38 183 199
38 185 223
38 187 114
38 190 164
38 196 293
39 40 246
39 45 227
39 60 303
39 67 180
39 69 279
39 72 243
39 74 195
39 78 149
39 83 180
39 87 132
39 93 115
39 105 148
39 108 70
39 116 214
39 132 200
39 137 268
39 147 93
39 157 179
39 167 93
39 181 228
39 183 235
39 185 233
39 192 134
40 41 274
40 42 70
40 43 488
40 68 275
40 70 112
40 77 378
40 89 401
40 90 227
40 94 54
40 106 320
40 119 366
40 120 451
40 124 292
40 138 280
40 145 169
40 157 76
40 175 324
40 188 260
41 46 125
41 59 71
41 61 272
41 65 204
41 70 281
41 81 80
41 83 107
41 93 102
41 121 172
41 122 106
41 147 81
41 162 200
41 163 76
41 191 85
41 193 223
42 45 429
42 51 155
42 55 102
42 71 315
42 73 497
42 87 392
42 97 504
42 103 401
42 104 484
42 107 237
42 109 125
42 112 139
42 122 306
42 147 297
42 149 349
42 152 168
42 161 433
42 164 189
43 44 213
43 59 286
43 60 61
43 61 407
43 66 38
43 69 542
43 81 170
43 87 304
43 91 354
43 98 462
43 102 188
43 106 406
43 119 453
43 138 242
43 139 126
43 140 166
43 160 276
43 167 333
43 180 258
43 192 348
44 58 293
44 76 347
44 79 109
44 95 197
44 104 597
44 123 309
44 135 178
44 141 309
44 142 113
44 164 266
44 165 380
44 171 125
44 174 81
44 176 289
44 183 230
45 58 321
45 62 200
45 70 421
45 75 295
45 76 170
45 82 379
45 85 91
45 87 190
45 91 332
45 100 284
45 108 285
45 109 356
45 116 308
45 125 106
45 137 298
45 141 71
45 144 367
45 162 336
45 169 350
45 175 314
45 180 237
46 49 372
46 50 180
46 58 137
46 60 240
46 62 123
46 70 291
46 73 347
46 76 271
46 84 387
46 91 89
46 110 155
46 111 158
46 113 265
46 127 80
46 128 273
46 138 50
46 140 130
46 143 305
46 145 81
46 148 337
46 155 233
46 158 275
46 161 344
46 178 133
47 49 506
47 52 480
47 53 92
47 62 257
47 73 374
47 74 289
47 77 326
47 82 335
47 87 464
47 90 154
47 92 496
47 93 287
47 100 379
47 102 284
47 106 510
47 109 366
47 112 243
47 125 420
47 135 247
47 136 369
47 151 413
47 155 288
47 156 171
47 158 408
47 179 382
47 187 485
47 188 523
48 52 200
48 53 256
48 56 294
48 58 315
48 65 95
48 67 374
48 80 406
48 85 96
48 87 257
48 94 450
48 99 283
48 118 443
48 153 265
48 155 42
48 159 326
48 160 225
48 163 211
48 164 245
48 172 337
48 195 442
49 54 128
49 55 406
49 85 234
49 92 61
49 93 262
49 100 191
49 107 234
49 116 74
49 118 312
49 120 330
49 129 192
49 147 183
49 149 325
49 154 436
49 156 368
49 163 331
49 177 324
49 178 490
49 180 300
49 182 66
50 59 82
50 61 215
50 63 61
50 65 323
50 78 167
50 114 314
50 118 131
50 129 162
50 146 347
50 160 189
50 163 165
50 174 247
50 175 274
50 188 188
50 199 149
51 60 273
51 79 161
51 100 123
51 107 83
51 112 24
51 117 182
51 123 89
51 173 139
51 185 228
51 191 138
51 195 387
52 56 358
52 59 333
52 60 267
52 61 293
52 82 461
52 83 191
52 87 180
52 92 279
52 109 428
52 116 264
52 117 218
52 122 317
52 126 145
52 135 237
52 136 149
52 140 327
52 157 449
52 163 360
52 165 107
52 181 267
52 188 389
53 61 430
53 67 470
53 69 357
53 86 364
53 90 74
53 97 342
53 98 280
53 116 500
53 117 216
53 120 255
53 127 16
53 135 197
53 137 23
53 138 62
53 149 182
53 161 381
53 174 44
54 55 362
54 56 158
54 57 218
54 62 132
54 67 184
54 71 298
54 74 139
54 76 22
54 85 110
54 97 261
54 102 96
54 119 209
54 122 224
54 135 158
54 138 241
54 142 223
54 143 53
54 178 365
54 188 222
54 193 131
55 72 526
55 73 564
55 74 431
55 85 401
55 87 412
55 91 191
55 94 64
55 96 345
55 103 486
55 111 426
55 125 449
55 126 474
55 141 440
55 151 315
55 167 212
55 170 550
55 171 453
55 173 204
55 174 359
55 193 493
55 194 106
55 195 447
56 58 63
56 69 205
56 83 221
56 124 137
56 131 149
56 136 363
56 155 254
56 171 281
56 182 271
56 184 163
56 186 201
56 195 318
57 59 204
57 65 164
57 69 456
57 80 370
57 81 73
57 102 129
57 122 63
57 126 320
57 171 14
57 173 322
57 183 94
57 187 338
58 59 79
58 61 269
58 66 348
58 77 255
58 80 93
58 99 136
58 100 109
58 108 181
58 116 357
58 118 148
58 126 343
58 138 172
58 148 262
58 169 330
58 172 216
58 175 233
58 177 138
58 181 371
58 183 304
58 184 216
58 191 193
58 197 252
58 199 172
59 61 247
59 65 263
59 73 314
59 74 180
59 78 87
59 79 180
59 115 155
59 126 286
59 129 230
59 138 132
59 146 265
59 151 150
59 158 265
59 188 250
60 69 508
60 78 169
60 88 367
60 103 19
60 106 412
60 115 410
60 116 444
60 121 354
60 125 247
60 130 242
60 137 219
60 141 203
60 145 321
60 155 99
60 172 388
60 174 179
60 199 220
61 69 338
61 70 236
61 98 303
61 106 8
61 114 164
61 121 266
61 139 343
61 152 206
61 161 202
61 179 386
61 186 364
61 198 10
62 67 296
62 74 135
62 76 148
62 86 232
62 93 77
62 99 145
62 103 204
62 107 17
62 122 129
62 132 321
62 149 142
62 150 109
62 151 156
62 156 158
62 167 94
62 171 171
62 195 368
63 70 70
63 77 288
63 79 299
63 83 293
63 96 245
63 98 98
63 101 89
63 111 392
63 117 285
63 131 222
63 137 282
63 141 295
63 150 283
63 168 98
63 195 307
63 196 17
63 198 204
64 65 129
64 66 158
64 68 143
64 70 313
64 75 238
64 76 93
64 113 62
64 121 233
64 123 253
64 132 293
64 133 304
64 137 232
64 140 169
64 141 71
64 142 165
64 147 33
64 154 254
64 164 136
64 177 157
64 198 238
65 66 85
65 76 182
65 80 426
65 88 242
65 118 448
65 119 346
65 124 172
65 130 109
65 136 76
65 140 224
65 142 245
65 147 161
65 160 181
65 186 501
65 198 316
66 68 216
66 73 60
66 80 439
66 87 268
66 92 352
66 101 401
66 103 102
66 113 196
66 139 121
66 144 359
66 145 367
66 168 480
66 169 427
66 191 198
67 70 281
67 80 337
67 89 470
67 94 338
67 101 335
67 106 56
67 130 205
67 137 447
67 146 480
67 152 253
67 153 268
67 154 482
67 176 366
68 78 59
68 80 248
68 88 312
68 91 133
68 97 273
68 120 186
68 136 269
68 142 37
68 150 45
68 169 394
68 180 44
68 182 326
68 190 191
69 74 435
69 83 424
69 87 402
69 91 207
69 94 49
69 95 481
69 105 427
69 117 410
69 119 369
69 130 437
69 167 214
69 181 445
69 197 407
70 71 417
70 79 355
70 80 89
70 93 183
70 96 314
70 112 211
70 113 305
70 172 191
70 176 173
70 185 408
70 194 63
70 196 54
71 75 65
71 93 238
71 112 206
71 120 189
71 128 366
71 138 91
71 149 127
71 150 81
71 151 342
71 155 196
71 158 408
71 178 96
71 190 310
71 195 551
71 196 371
72 74 165
72 79 399
72 87 149
72 93 322
72 98 455
72 108 282
72 126 124
72 152 325
72 187 225
72 192 351
73 74 134
73 83 144
73 86 113
73 90 397
73 99 375
73 100 366
73 111 349
73 117 161
73 125 182
73 129 460
73 152 369
73 157 442
73 159 409
73 160 253
73 165 87
73 174 305
73 186 554
74 96 103
74 99 250
74 119 346
74 128 260
74 131 84
74 168 390
74 172 275
74 193 144
75 78 157
75 88 412
75 94 345
75 99 90
75 105 354
75 129 411
75 142 74
75 143 339
75 146 161
75 155 226
75 165 414
75 168 341
75 172 380
75 180 126
75 181 505
75 184 408
75 187 397
76 80 280
76 86 159
76 90 319
76 91 258
76 100 136
76 107 131
76 109 225
76 112 220
76 139 210
76 152 163
76 188 203
77 82 313
77 87 161
77 121 275
77 131 75
77 132 318
77 165 202
77 174 232
77 187 216
77 191 170
78 84 326
78 110 251
78 118 299
78 124 50
78 126 270
78 133 295
78 144 202
78 145 195
78 149 100
78 150 83
78 196 244
79 95 242
79 98 276
79 103 205
79 114 450
79 115 280
79 130 344
79 140 114
79 142 87
79 145 126
79 155 242
79 157 237
79 187 398
79 193 374
80 84 251
80 87 334
80 90 219
80 92 281
80 101 43
80 115 26
80 117 324
80 124 255
80 126 396
80 167 130
80 168 47
80 169 339
80 181 397
81 87 284
81 92 328
81 99 149
81 108 287
81 122 26
81 128 278
81 132 412
81 133 355
81 142 39
81 149 62
81 154 122
81 157 256
81 170 246
81 181 415
81 198 356
82 90 183
82 98 39
82 116 384
82 137 226
82 144 178
82 165 515
82 171 343
82 174 260
82 175 273
82 181 398
83 94 379
83 110 313
83 113 106
83 131 71
83 144 292
83 152 226
83 159 266
83 175 247
83 179 416
83 180 162
83 188 340
83 196 309
84 89 488
84 93 258
84 111 535
84 112 307
84 119 97
84 125 286
84 140 431
84 147 266
84 157 259
84 169 103
84 171 449
84 173 150
84 189 463
85 93 183
85 101 283
85 113 98
85 116 307
85 126 217
85 135 50
85 138 175
85 165 228
85 166 301
85 167 191
85 174 197
85 182 220
85 184 303
85 189 190
85 192 214
85 199 80
86 94 456
86 96 221
86 98 433
86 108 276
86 125 73
86 153 282
86 156 243
86 158 527
86 170 58
86 177 281
86 178 411
86 184 342
87 92 99
87 109 279
87 119 151
87 135 234
87 137 368
87 154 396
87 157 312
87 184 198
88 107 227
88 108 128
88 125 132
88 135 276
88 136 318
88 153 234
88 164 233
88 182 63
89 106 435
89 107 207
89 110 159
89 120 145
89 121 314
89 141 262
89 148 382
89 149 94
89 150 89
89 164 248
89 166 477
89 188 471
90 97 394
90 101 180
90 102 230
90 103 266
90 143 355
90 158 256
90 161 396
90 172 358
90 185 273
90 188 394
91 97 403
91 106 318
91 112 40
91 113 266
91 124 186
91 152 119
91 181 425
91 191 165
92 110 499
92 115 255
92 117 271
92 134 69
92 145 364
92 147 186
92 148 57
93 104 377
93 124 120
93 129 213
93 135 191
93 136 344
93 151 156
93 172 196
93 193 290
94 95 439
94 117 367
94 130 388
94 134 357
94 139 381
94 153 185
94 154 360
94 162 116
94 172 243
94 173 144
94 190 220
95 96 132
95 105 207
95 109 352
95 119 400
95 123 338
95 124 149
95 131 136
95 154 232
95 155 35
95 165 190
95 185 21
95 187 312
95 191 150
96 106 302
96 107 70
96 108 243
96 119 360
96 138 86
96 140 80
96 153 136
96 158 354
96 172 267
96 178 205
96 180 67
96 187 272
96 191 54
96 198 313
96 199 106
97 101 457
97 106 409
97 113 236
97 118 527
97 120 88
97 153 351
97 154 326
97 156 196
97 166 425
97 196 466
97 197 321
98 100 158
98 106 295
98 116 397
98 118 81
98 122 325
98 129 206
98 131 275
98 141 367
98 149 358
98 150 294
98 158 94
98 169 353
98 173 142
98 187 303
99 105 348
99 110 153
99 112 86
99 115 210
99 151 287
99 174 100
100 101 132
100 105 209
100 121 107
100 132 212
100 154 307
100 168 169
100 199 131
101 120 378
101 124 220
101 130 333
101 144 176
101 146 377
101 147 234
101 170 434
101 179 118
101 182 367
101 191 242
101 192 69
101 198 287
102 113 95
102 117 52
102 122 127
102 127 213
102 176 226
102 177 120
102 196 248
103 104 529
103 112 268
103 143 280
103 146 48
103 147 213
103 188 466
103 195 511
104 110 648
104 115 379
104 117 406
104 118 359
104 124 355
104 130 285
104 133 306
104 136 465
104 149 473
104 156 514
104 161 276
104 163 463
104 183 427
104 185 446
104 189 446
105 113 59
105 116 172
105 121 300
105 133 321
105 138 305
105 142 281
105 154 370
105 160 63
105 185 199
105 194 327
106 112 291
106 150 359
106 152 199
106 155 315
106 182 142
106 189 377
106 197 455
106 198 11
107 109 173
107 114 269
107 123 168
107 131 51
107 144 205
107 149 147
107 153 75
107 162 168
107 171 178
107 176 167
107 180 67
107 184 240
107 193 219
107 194 207
108 116 180
108 123 211
108 139 293
108 167 132
108 180 224
108 182 186
108 184 72
108 193 251
108 194 171
109 118 82
109 120 376
109 134 298
109 176 96
109 181 346
109 186 135
110 111 54
110 114 534
110 121 311
110 123 290
110 126 519
110 130 425
110 133 454
110 176 267
110 189 444
110 191 174
110 194 376
111 112 240
111 118 441
111 127 77
111 151 400
111 153 298
111 156 147
111 161 422
111 182 489
111 183 283
111 199 306
112 119 350
112 130 278
112 143 262
112 146 274
112 157 101
112 160 233
112 178 215
112 194 152
112 198 302
113 132 238
113 148 107
113 154 313
113 160 45
114 117 255
114 126 16
114 127 452
114 131 236
114 140 370
114 159 389
114 161 88
114 166 152
114 178 512
114 185 280
114 194 382
115 125 343
115 126 371
115 127 298
115 146 412
115 152 96
115 162 75
115 166 311
115 190 170
116 127 502
116 149 398
116 153 306
116 166 51
116 169 73
116 170 321
116 191 418
117 128 246
117 133 349
117 134 291
117 158 418
117 159 248
117 177 137
118 140 381
118 157 108
118 190 199
119 123 347
119 128 155
119 129 148
119 141 270
119 145 430
119 146 505
119 150 417
119 153 276
119 158 425
119 171 441
119 172 103
119 174 466
119 192 308
120 123 360
120 152 313
120 187 334
120 197 237
121 128 159
121 180 138
122 123 256
122 128 304
122 146 98
122 157 277
122 169 439
122 192 218
122 199 172
123 139 273
123 165 497
123 178 272
123 185 317
123 186 123
123 187 291
124 144 242
124 155 118
124 161 171
124 162 195
124 166 272
124 168 294
124 173 177
124 175 231
125 139 207
125 143 48
125 163 271
125 166 212
125 197 366
125 199 128
126 136 265
126 146 397
126 153 281
126 181 124
127 133 383
127 150 94
127 165 424
127 166 480
127 183 260
127 189 383
128 142 283
128 143 165
128 167 116
128 171 335
128 190 59
128 196 108
128 199 148
129 144 370
129 145 324
129 147 249
129 154 429
129 160 209
129 175 434
129 190 150
129 196 109
129 199 239
130 148 123
130 153 224
130 176 335
130 181 213
131 153 122
131 168 306
131 184 260
131 193 171
132 144 473
132 145 432
132 167 274
132 172 108
132 181 98
132 183 388
132 187 102
133 135 362
133 136 493
133 146 478
133 160 258
133 165 535
133 177 296
133 179 195
133 195 293
133 197 417
134 153 266
134 156 400
134 169 82
134 172 114
134 184 170
134 191 375
134 197 482
134 199 215
135 141 131
135 179 398
135 183 76
135 192 221
136 149 164
136 162 418
136 172 374
136 173 396
136 178 377
136 190 320
136 193 154
136 198 392
137 142 74
137 156 140
137 163 73
137 169 473
137 179 291
137 180 106
137 197 67
138 172 328
138 197 88
139 148 283
139 162 297
139 174 130
139 179 397
140 151 283
140 168 373
140 179 376
141 155 104
141 170 115
141 177 227
141 183 105
141 186 434
141 191 219
142 153 170
142 170 285
143 148 79
143 149 228
143 178 410
143 182 85
143 188 236
144 169 481
144 191 161
145 148 362
145 157 128
145 161 395
145 166 428
145 196 219
146 148 392
146 154 160
146 155 153
146 190 336
146 194 422
147 150 164
147 154 255
147 158 368
147 166 244
147 177 150
147 198 215
148 166 97
148 173 176
148 175 408
148 183 255
149 172 327
149 173 303
150 167 193
150 170 273
150 172 323
151 163 233
151 188 150
151 191 255
151 199 102
152 171 287
153 182 272
154 164 220
154 171 166
154 173 326
154 180 144
154 195 553
154 199 253
155 170 128
155 175 245
156 170 239
156 177 127
156 179 408
156 185 96
156 188 432
158 186 26
159 164 101
159 177 136
159 179 150
159 180 115
159 182 363
159 183 318
159 184 246
159 187 289
160 178 396
160 185 207
160 188 204
160 192 213
160 193 131
161 171 260
161 179 482
161 186 468
161 192 302
162 194 69
163 172 288
164 189 345
165 168 576
165 173 441
165 177 370
165 186 616
166 171 424
166 173 213
166 183 351
166 186 411
167 175 251
167 181 318
167 186 206
168 195 387
169 191 424
170 178 414
170 185 145
171 176 303
171 186 437
173 190 79
174 175 43
174 195 522
176 177 150
176 178 249
180 196 212
180 197 163
181 186 472
181 188 197
181 194 363
181 197 537
182 195 173
187 194 257
189 192 404
189 193 137
189 196 466
190 198 146
191 197 107
192 195 369
193 196 355
