0
5
12
13
21
25
28
37
56
63
84
0
1
4
13
20
22
23
29
36
53
55
56
75
91
94
97
0
18
20
35
45
56
91
99
0
3
5
45
47
51
57
65
70
75
76
86
0
1
9
27
37
41
61
79
81
96
0
8
16
47
68
79
87
99
0
11
15
18
44
55
57
81
90
0
9
20
21
31
36
44
61
77
89
92
0
4
5
7
10
12
23
31
32
34
52
86
0
9
17
20
24
50
62
78
86
92
93
0
10
14
18
31
36
42
47
93
5
12
13
21
25
28
37
56
63
84
5
6
15
17
21
32
40
60
67
73
79
83
5
10
56
5
12
30
32
34
37
38
58
63
67
81
86
5
43
51
55
75
83
5
14
41
55
56
70
92
3
5
9
10
43
47
65
91
99
5
17
34
37
40
44
47
65
68
83
84
93
5
65
67
75
89
96
5
22
23
26
28
41
57
76
78
5
13
22
48
53
64
66
67
69
71
72
76
5
12
17
29
30
39
40
41
67
68
70
71
74
5
14
16
19
44
58
65
95
5
39
44
51
58
64
65
92
12
15
17
28
58
84
89
93
8
12
42
49
58
74
10
12
13
57
60
61
87
92
11
12
25
29
48
80
82
86
9
13
14
29
33
46
66
76
78
88
93
0
1
4
13
20
22
23
29
36
53
55
56
75
91
94
97
6
13
25
26
27
29
34
36
49
58
60
84
95
9
13
22
27
62
79
86
88
96
97
13
19
28
31
39
45
55
68
72
96
13
29
36
40
53
66
86
88
94
97
8
13
19
32
33
38
60
87
91
3
13
34
40
41
55
62
67
75
7
9
13
16
19
30
39
42
51
56
63
65
92
99
3
10
17
21
29
37
41
51
63
64
86
21
24
33
47
51
52
72
75
78
9
21
23
40
55
59
60
91
98
21
37
45
59
68
78
83
85
89
93
1
21
25
30
44
51
62
64
67
96
98
6
8
21
28
34
43
48
59
78
88
21
31
40
51
52
53
57
66
74
78
79
95
16
35
43
52
70
81
82
8
15
24
25
33
66
68
82
86
94
25
36
57
58
59
61
64
78
91
98
0
10
25
31
32
45
69
70
77
15
28
30
54
82
85
99
1
11
16
18
19
28
32
40
58
67
78
28
36
37
40
60
79
83
94
97
98
28
69
71
93
0
1
9
27
37
41
61
79
81
96
33
37
46
52
56
57
62
82
84
87
96
6
17
24
37
43
50
87
89
18
34
37
43
53
54
61
77
85
98
14
23
37
45
52
63
71
72
86
97
19
33
56
61
64
77
86
88
4
29
43
45
50
56
84
87
88
0
18
20
35
45
56
91
99
1
15
20
30
33
43
56
70
78
87
25
36
40
42
47
56
64
69
76
81
89
8
27
31
56
64
66
73
80
92
95
96
1
9
36
63
77
91
6
27
42
60
63
77
95
10
39
63
77
80
82
26
31
38
51
76
79
98
3
15
27
32
38
54
55
61
63
68
74
81
96
3
18
36
38
61
63
80
83
84
90
98
3
23
72
84
88
92
94
2
6
24
33
34
35
84
0