0
28
18
93
36
37
44
79
1
32
20
38
83
36
65
66
16
68
25
87
0
13
70
32
33
7
61
89
53
96
95
88
65
94
58
15
67
76
34
69
64
56
4
80
52
73
30
20
81
59
71
90
91
40
34
42
35
8
81
21
41
9
51
27
51
88
81
34
25
8
43
38
95
63
9
3
46
9
10
9
64
52
96
6
77
87
31
82
50
99
12
0
84
36
5
91
17
77
17
77
6
1
14
23
54
78
74
39
66
75
5
97
51
97
51
62
38
70
60
70
19
7
54
23
55
47
49
52
96
66
39
86
65
29
91
90
28
81
48
80
38
95
94
29
3
14
72
57
19
15
78
74
96
57
19
57
45
13
47
25
8
16
15
19
69
64
68
58
66
6
24
16
86
20
34
56
5
36
37
88
19
71
91
90
93
72
48
99
86
9
41
55
57
72
92
52
31
15
16
86
56
32
56
64
85
61
45
